Date    Latitude    Longitude   B-Strength  B-Inclination   B-Declination   Dens-0  Dens-1  Dens-2  Dens-3  Dens-4  Temp-0  Temp-1  Temp-2  Temp-3  Temp-4
18350-0000  42.8804 -8.5463 0.25    -67.1   0.5 1.225   1.2184  0.8422  0.2765  6.4846e-09  288.15  278.15  253.15  218.15 243.15
18350-0600  42.8804 -8.5463 0.24    -66.1   0.5 1.225   1.2184  0.8422  0.2765  6.4846e-09  288.15  278.15  253.15  218.15 243.15
18350-1200  42.8804 -8.5463 0.24    -65.5   0.6 1.225   1.2184  0.8422  0.2765  6.4846e-09  288.15  278.15  253.15  218.15 243.15
18350-1800  42.8804 -8.5463 0.24    -64.3   0.6 1.225   1.2184  0.8422  0.2765  6.4846e-09  289.15  278.15  253.15  218.15 243.15
18351-0000  42.8804 -8.5463 0.24    -63.9   0.6 1.225   1.2184  0.8422  0.2765  6.4846e-09  289.15  278.15  253.15  218.15 243.15
18351-0600  42.8804 -8.5463 0.23    -63.0   0.7 1.225   1.2184  0.8422  0.2765  6.4846e-09  289.15  278.15  253.15  218.15 243.15
18351-1200  42.8804 -8.5463 0.23    -62.1   0.7 1.225   1.2184  0.8422  0.2765  6.4846e-09  289.15  278.15  253.15  218.15 244.15
18351-1800  42.8804 -8.5463 0.23    -61.3   0.7 1.225   1.2184  0.8422  0.2765  6.4846e-09  289.15  278.15  253.15  218.15 244.15
18352-0000  42.8804 -8.5463 0.23    -60.4   0.7 1.225   1.2184  0.8422  0.2765  6.4846e-09  290.15  279.15  253.15  218.15 244.15
18352-0600  42.8804 -8.5463 0.23    -59.5   0.8 1.225   1.2184  0.8422  0.2765  6.4846e-09  290.15  279.15  253.15  218.15 244.15
18352-1200  42.8804 -8.5463 0.22    -58.1   0.8 1.225   1.2184  0.8422  0.2765  6.4846e-09  290.15  279.15  253.15  218.15 244.15
18352-1800  42.8804 -8.5463 0.22    -57.4   0.8 1.225   1.2184  0.8422  0.2765  6.4846e-09  290.15  279.15  253.15  219.15 244.15
18353-0000  42.8804 -8.5463 0.21    -56.7   0.9 1.225   1.2184  0.8422  0.2765  6.4846e-09  290.15  279.15  253.15  219.15 245.15
18353-0600  42.8804 -8.5463 0.20    -55.9   0.9 1.225   1.2184  0.8422  0.2765  6.4846e-09  290.15  279.15  253.15  219.15 245.15
18353-1200  42.8804 -8.5463 0.20    -54.9   0.9 1.225   1.2184  0.8422  0.2765  6.4846e-09  290.15  279.15  253.15  219.15 245.15
18353-1800  42.8804 -8.5463 0.20    -54.2   0.9 1.225   1.2184  0.8422  0.2765  6.4846e-09  290.15  279.15  253.15  220.15 245.15
18354-0000  42.8804 -8.5463 0.19    -53.3   0.9 1.225   1.2184  0.8422  0.2765  6.4846e-09  291.15  279.15  254.15  220.15 246.15
18354-0600  42.8804 -8.5463 0.19    -52.9   1.0 1.225   1.2184  0.8422  0.2765  6.4846e-09  291.15  280.15  254.15  220.15 246.15
18354-1200  42.8804 -8.5463 0.18    -52.2   1.0 1.225   1.2184  0.8422  0.2765  6.4846e-09  291.15  280.15  254.15  220.15 246.15
18354-1800  42.8804 -8.5463 0.17    -51.7   1.1 1.225   1.2184  0.8422  0.2765  6.4846e-09  291.15  280.15  254.15  220.15 246.15
