Date    Latitude    Longitude   B-Strength  B-Inclination   B-Declination   Dens-0  Dens-1  Dens-2  Dens-3  Dens-4  Temp-0  Temp-1  Temp-2  Temp-3  Temp-4
18350-0000  42.8804 -8.5463 0.25    -67.1   0.5 1.225   1.2194  0.8422  0.2766  6.4847e-09  288.15  278.15  253.15  218.15 243.15
18350-0600  42.8804 -8.5463 0.24    -66.1   0.5 1.225   1.2284  0.8423  0.2767  6.4848e-09  288.15  278.15  253.15  218.15 243.15
18350-1200  42.8804 -8.5463 0.24    -65.5   0.6 1.225   1.2384  0.8424  0.2768  6.4849e-09  288.15  278.15  253.15  218.15 243.15
18350-1800  42.8804 -8.5463 0.24    -64.3   0.6 1.225   1.2484  0.8425  0.2769  6.4850e-09  289.15  278.15  253.15  218.15 243.15
18351-0000  42.8804 -8.5463 0.24    -63.9   0.6 1.225   1.2584  0.8426  0.2770  6.4851e-09  289.15  278.15  253.15  218.15 243.15
18351-0600  42.8804 -8.5463 0.23    -63.0   0.7 1.225   1.2684  0.8427  0.2771  6.4852e-09  289.15  278.15  253.15  218.15 243.15
18351-1200  42.8804 -8.5463 0.23    -62.1   0.7 1.225   1.2784  0.8428  0.2771  6.4853e-09  289.15  278.15  253.15  218.15 244.15
18351-1800  42.8804 -8.5463 0.23    -61.3   0.7 1.225   1.2884  0.8429  0.2773  6.4854e-09  289.15  278.15  253.15  218.15 244.15
18352-0000  42.8804 -8.5463 0.23    -60.4   0.7 1.225   1.2984  0.8430  0.2774  6.4855e-09  290.15  279.15  253.15  218.15 244.15
18352-0600  42.8804 -8.5463 0.23    -59.5   0.8 1.225   1.3084  0.8431  0.2775  6.4856e-09  290.15  279.15  253.15  218.15 244.15
18352-1200  42.8804 -8.5463 0.22    -58.1   0.8 1.225   1.4184  0.8432  0.2776  6.4857e-09  290.15  279.15  253.15  218.15 244.15
18352-1800  42.8804 -8.5463 0.22    -57.4   0.8 1.225   1.5184  0.8433  0.2777  6.4858e-09  290.15  279.15  253.15  219.15 244.15
18353-0000  42.8804 -8.5463 0.21    -56.7   0.9 1.225   1.6184  0.8434  0.2778  6.4859e-09  290.15  279.15  253.15  219.15 245.15
18353-0600  42.8804 -8.5463 0.20    -55.9   0.9 1.225   1.7184  0.8435  0.2779  6.4860e-09  290.15  279.15  253.15  219.15 245.15
18353-1200  42.8804 -8.5463 0.20    -54.9   0.9 1.225   1.8184  0.8436  0.2780  6.4861e-09  290.15  279.15  253.15  219.15 245.15
18353-1800  42.8804 -8.5463 0.20    -54.2   0.9 1.225   1.9184  0.8437  0.2781  6.4862e-09  290.15  279.15  253.15  220.15 245.15
18354-0000  42.8804 -8.5463 0.19    -53.3   0.9 1.225   1.2183  0.8438  0.2782  6.4863e-09  291.15  279.15  254.15  220.15 246.15
18354-0600  42.8804 -8.5463 0.19    -52.9   1.0 1.225   1.2182  0.8439  0.2783  6.4864e-09  291.15  280.15  254.15  220.15 246.15
18354-1200  42.8804 -8.5463 0.18    -52.2   1.0 1.225   1.2181  0.8440  0.2784  6.4865e-09  291.15  280.15  254.15  220.15 246.15
18354-1800  42.8804 -8.5463 0.17    -51.7   1.1 1.225   1.2180  0.8441  0.2785  6.4866e-09  291.15  280.15  254.15  220.15 246.15
